%YAML:1.0
---
Mean_0: !!opencv-matrix
   rows: 1
   cols: 3
   dt: f
   data: [ 3.28999977e+01, 2.70999985e+01, 2.21000004e+01 ]
Cov_0: !!opencv-matrix
   rows: 3
   cols: 3
   dt: f
   data: [ 3.39694691e+00, -4.58015394e+00, 8.01527679e-01,
       -4.58015299e+00, 1.10209932e+01, -3.95992494e+00, 8.01526666e-01,
       -3.95992351e+00, 3.34923697e+00 ]
Mean_1: !!opencv-matrix
   rows: 1
   cols: 3
   dt: f
   data: [ 2.43949997e+02, 2.45949997e+02, 2.46949997e+02 ]
Cov_1: !!opencv-matrix
   rows: 3
   cols: 3
   dt: f
   data: [ 3.46410312e-02, 3.46410312e-02, 3.46410312e-02,
       3.46410312e-02, 3.46410312e-02, 3.46410312e-02, 3.46410312e-02,
       3.46410312e-02, 3.46410312e-02 ]
Mean_2: !!opencv-matrix
   rows: 1
   cols: 3
   dt: f
   data: [ 5.89799995e+01, 4.99799995e+01, 4.59799995e+01 ]
Cov_2: !!opencv-matrix
   rows: 3
   cols: 3
   dt: f
   data: [ 1.10452808e-02, 1.10452808e-02, 1.10452808e-02,
       1.10452808e-02, 1.10452808e-02, 1.10452808e-02, 1.10452808e-02,
       1.10452808e-02, 1.10452808e-02 ]
Mean_3: !!opencv-matrix
   rows: 1
   cols: 3
   dt: f
   data: [ 1.74629990e+02, 1.76869995e+02, 1.80929993e+02 ]
Cov_3: !!opencv-matrix
   rows: 3
   cols: 3
   dt: f
   data: [ 7.41783202e-01, -1.09305513e+00, 3.79229009e-01,
       -1.09306252e+00, 2.82841063e+00, -1.74422884e+00, 3.79236221e-01,
       -1.74423563e+00, 1.35006917e+00 ]
Mean_4: !!opencv-matrix
   rows: 1
   cols: 3
   dt: f
   data: [ 1.27290001e+02, 1.96250000e+02, 2.37029999e+02 ]
Cov_4: !!opencv-matrix
   rows: 3
   cols: 3
   dt: f
   data: [ 6.42093830e-03, -1.68582480e-02, 1.00453096e-02,
       -1.68582462e-02, 4.58487161e-02, -3.07378713e-02, 1.00453049e-02,
       -3.07378583e-02, 3.70147303e-02 ]
